25			25
190			100
0			0			0			0			0			0			0			0			0			0			0			0			0			0			0			0			0			0			0			0			0			0			0			0			0
0			6			16			3			3			7			0			6			16			3			3			7			0			6			16			3			3			7			0			6			16			3			3			7			0
0			5			1			1			1:600:bed0	4			0			5			1			1			1:600:bed1	4			0			5			1			1			1:600:bed2	4			0			5			1			1			1:600:bed3	4			0
0			5			1			1			1			4			0			5			1			1			1			4			0			5			1			1			1			4			0			5			1			1			1			4			0
0			0			0			1			0			0			0			0			0			1:22:dt		0			0			0			0			0			1:22:dt		0			0			0			0			0			1:22:dt		0			0			0
0			6			33			1			3:61:s0		3			3			3			33			1:21:d1		3:61:s1		3			3			3			33			1:21:d2		3:61:s2		3			3			3			33			1:21:d3		3:61:s3		7			0
0			5			1			1			1			1			1			1			1			1			1			1			1			1			1			1			1			1			1			1			1			1			1			4			0
0			5			1			1			1			1			1			1			1			1			1			1			1			1			1			1			1			1			1			1			1			1			1			4			0
0			0			1:28:ht		1:32:wt		1:32:wt		1:32:wt		1:32:wt		1:32:wt		1:32:wt		1:32:wt		1:32:wt		1:32:wt		1:32:wt		1:32:wt		1:32:wt		1:32:wt		1:32:wt		1:32:wt		1:32:w+t	1:32:wt		1:32:wt		1:24:gt		1:32:wt		0			0
0			6			1:26:hs		3			3			7			0			6			3			3			33			3			3:60:s4		3			3			33			3			3			3			3			33			1:23:g0		3:61:s7		7			0
0			5			1			1			1			4			0			5			50			49			1			1:68:hat0	1			1:68:hat1	1			1			1			1			1			1			1			1			1			4			0
0			0			1:28:ht		1:22:dt		0			0			0			5			44			42			1			1			1			1			1			1			1			1			1			1			1			1			1			4			0
0			6			1:26:hs		1:20:d5		3			7			0			5			44			42			1:31:wt		1:32:wt		1:32:wt		1:32:wt		1:32:wt		1:32:wt		1:30:wt		1			1:31:wt		1:32:wt		1:32:wt		1:32:wt		1:32:wt		0			0
0			5			1			1			1			4			0			5			44			42			4			0			6			33			7			0			5			1			4			0			6			33			3			3			33
0			5			1:70:b2		1			1:70:b3		4			0			5			44			42			4			0			5			1			4			0			5			1			4			0			5			14			14			14			14
0			0			0			1:24:gt		0			0			0			5			44			42			4			0			5			1:71:b1		4			0			5			1			4			0			5			14			14			14			14
3			3			33			1:23:g1		33			3			3			8			44			42			4			0			0			1:22:dt		0			0			5			1			4			0			1:32:wt		14:22:dt	1:32:wt		1:32:wt		0
41			41			41			53			41			41			41			41			46			42			9			33			3			1:20:d6		3:61:s6		33			8			1			9			3			3			14:20:d4	3:61:s8		7			0
43			43			43			55			43			43			43			43			43			51			1			1			1			1			1			1			1			1			1			1			1			1			1			4			0
0			1:30:wt		1			1			1			1			1			1			1			1			1			1			1			1			1			1			1			1			1			1:70:b0		1			1			1			4			0
0			5			1			1			1:62:s5		1			1			1			1			1			1			1			1			1			1			1			1			1			1:31:wt		1:32:wt		1:32:wt		1:32:wt		1:32:wt		0			0
0			5			1			1			1			1			1			1			1			1			1			1			1			1			1			1			1			1			4			0			6			3			3			7			0
0			5			1			1			1			1			1			12			12			12			1			1			1			1			1			1			50			49			4			0			5			1			1			4			0
0			5			1			1			1			1			12			11			11			11			1			1			1			1			1			1			44			42			1:27:hw		1:28:ht		1:25:he		1			1:71:b4		4			0
0			0			1:32:wt		1:32:wt		1:32:wt		1:30:wt		11			11			11			11			1:31:wt		1:32:wt		1:32:wt		1:32:wt		1:32:wt		1:30:wt		44			42			4			0			0			1:32:wt		1:32:wt		0			0
